413.0
420.07042253521126
427.14084507042253
434.2112676056338
441.28169014084506
448.3521126760563
455.4225352112676
462.49295774647885
469.5633802816901
476.6338028169014
483.70422535211264
490.7746478873239
497.84507042253523
504.9154929577465
511.98591549295776
519.056338028169
526.1267605633802
533.1971830985915
540.2676056338028
547.338028169014
554.4084507042253
561.4788732394366
568.5492957746478
575.6197183098592
582.6901408450705
589.7605633802817
596.830985915493
603.9014084507043
610.9718309859155
618.0422535211268
625.112676056338
632.1830985915493
639.2535211267606
646.3239436619718
653.3943661971831
660.4647887323944
667.5352112676056
674.6056338028169
681.6760563380282
688.7464788732394
695.8169014084507
702.887323943662
709.9577464788732
717.0281690140845
724.0985915492957
731.1690140845071
738.2394366197184
745.3098591549297
752.3802816901409
759.4507042253522
766.5211267605634
773.5915492957747
780.661971830986
787.7323943661972
794.8028169014085
801.8732394366198
808.943661971831
816.0140845070423
823.0845070422536
830.1549295774648
837.2253521126761
844.2957746478874
851.3661971830986
858.4366197183099
865.5070422535211
872.5774647887324
879.6478873239437
886.7183098591549
893.7887323943662
900.8591549295775
907.9295774647887
915.0
922.0704225352113
929.1408450704225
936.2112676056338
943.2816901408451
950.3521126760563
957.4225352112676
964.4929577464789
971.5633802816901
978.6338028169014
985.7042253521126
992.7746478873239
999.8450704225352
1006.9154929577464
1013.9859154929577
1021.056338028169
1028.1267605633802
1035.1971830985915
1042.2676056338028
1049.3380281690143
1056.4084507042253
1063.4788732394368
1070.5492957746478
1077.6197183098593
1084.6901408450703
1091.7605633802818
1098.8309859154929
1105.9014084507044
1112.9718309859154
1120.042253521127
1127.112676056338
1134.1830985915494
1141.2535211267605
1148.323943661972
1155.394366197183
1162.4647887323945
1169.5352112676055
1176.605633802817
1183.676056338028
1190.7464788732395
1197.8169014084506
1204.887323943662
1211.957746478873
1219.0281690140846
1226.0985915492956
1233.1690140845071
1240.2394366197182
1247.3098591549297
1254.3802816901407
1261.4507042253522
1268.5211267605632
1275.5915492957747
1282.6619718309857
1289.7323943661972
1296.8028169014085
1303.8732394366198
1310.943661971831
1318.0140845070423
1325.0845070422536
1332.1549295774648
1339.225352112676
1346.2957746478874
1353.3661971830986
1360.4366197183099
1367.5070422535211
1374.5774647887324
1381.6478873239437
1388.718309859155
1395.7887323943662
1402.8591549295775
1409.9295774647887
1417.0
1424.0704225352113
1431.1408450704225
1438.2112676056338
1445.281690140845
1452.3521126760563
1459.4225352112676
1466.4929577464789
1473.5633802816901
1480.6338028169014
1487.7042253521126
1494.774647887324
1501.8450704225352
1508.9154929577464
1515.9859154929577
1523.056338028169
1530.1267605633802
1537.1971830985915
1544.2676056338028
1551.338028169014
1558.4084507042253
1565.4788732394366
1572.5492957746478
1579.619718309859
1586.6901408450703
1593.7605633802816
1600.8309859154929
1607.9014084507041
1614.9718309859154
1622.0422535211267
1629.112676056338
1636.1830985915492
1643.2535211267605
1650.3239436619717
1657.394366197183
1664.4647887323943
1671.5352112676057
1678.605633802817
1685.6760563380283
1692.7464788732395
1699.8169014084508
1706.887323943662
1713.9577464788733
1721.0281690140846
1728.0985915492959
1735.1690140845071
1742.2394366197184
1749.3098591549297
1756.380281690141
1763.4507042253522
1770.5211267605634
1777.5915492957747
1784.661971830986
1791.7323943661972
1798.8028169014085
1805.8732394366198
1812.943661971831
1820.0140845070423
1827.0845070422536
1834.1549295774648
1841.225352112676
1848.2957746478874
1855.3661971830986
1862.4366197183099
1869.5070422535211
1876.5774647887324
1883.6478873239437
1890.718309859155
1897.7887323943662
1904.8591549295775
1911.9295774647887
1919.0
1926.0704225352113
1933.1408450704225
1940.2112676056338
1947.281690140845
1954.3521126760563
1961.4225352112676
1968.4929577464789
1975.5633802816901
1982.6338028169014
1989.7042253521126
1996.774647887324
2003.8450704225352
2010.9154929577464
2017.9859154929577
2025.056338028169
2032.1267605633802
2039.1971830985915
2046.2676056338028
2053.3380281690143
2060.4084507042253
2067.4788732394363
2074.549295774648
2081.6197183098593
2088.6901408450703
2095.7605633802814
2102.830985915493
2109.9014084507044
2116.9718309859154
2124.0422535211264
2131.112676056338
2138.1830985915494
2145.2535211267605
2152.3239436619715
2159.394366197183
2166.4647887323945
2173.5352112676055
2180.605633802817
2187.6760563380285
2194.7464788732395
2201.8169014084506
2208.887323943662
2215.9577464788736
2223.0281690140846
2230.0985915492956
2237.169014084507
2244.2394366197186
2251.3098591549297
2258.3802816901407
2265.450704225352
2272.5211267605637
2279.5915492957747
2286.6619718309857
2293.7323943661972
2300.8028169014087
2307.8732394366198
2314.943661971831
2322.0140845070423
2329.084507042254
2336.154929577465
2343.225352112676
2350.2957746478874
2357.366197183099
2364.43661971831
2371.507042253521
2378.5774647887324
2385.647887323944
2392.718309859155
2399.788732394366
2406.8591549295775
2413.929577464789
2421.0
