408.38
417.84000000000003
427.3
436.76
446.22
455.68
465.14
474.6
484.06
493.52
502.98
512.44
521.9
531.36
540.82
550.28
559.74
569.2
578.6600000000001
588.12
597.58
607.04
616.5
625.96
635.4200000000001
644.88
654.34
663.8
673.26
682.72
692.1800000000001
701.6400000000001
711.1
720.5600000000001
730.02
739.48
748.94
758.4000000000001
767.86
777.32
786.78
796.24
805.7
815.1600000000001
824.6200000000001
834.08
843.54
853.0
862.46
871.9200000000001
881.3800000000001
890.84
900.3000000000001
909.76
919.22
928.6800000000001
938.1400000000001
947.6
957.0600000000001
966.5200000000001
975.98
985.44
994.9000000000001
1004.36
1013.82
1023.2800000000001
1032.74
1042.2
1051.66
1061.1200000000001
1070.58
1080.04
1089.5
1098.96
1108.42
1117.88
1127.3400000000001
1136.8000000000002
1146.2600000000002
1155.72
1165.18
1174.64
1184.1
1193.56
1203.02
1212.48
1221.94
1231.4
1240.8600000000001
1250.3200000000002
1259.7800000000002
1269.2400000000002
1278.7
1288.16
1297.6200000000001
1307.08
1316.54
1326.0
1335.46
1344.92
1354.38
1363.8400000000001
1373.3000000000002
1382.7600000000002
1439.52
1448.98
1458.44
1467.9
1477.3600000000001
1486.8200000000002
1496.2800000000002
1505.74
1515.2
1524.66
1534.1200000000001
1543.5800000000002
1553.0400000000002
1562.5
1571.96
1581.42
1590.88
1600.3400000000001
1609.8000000000002
1619.2600000000002
1628.72
1638.18
1647.64
1657.1000000000001
1666.5600000000002
1676.0200000000002
1685.48
1694.94
1704.4
1713.8600000000001
1723.3200000000002
1732.7800000000002
1742.2400000000002
1751.7
1761.16
1770.6200000000001
1780.0800000000002
1789.5400000000002
1799.0000000000002
1808.46
1817.92
1950.3600000000001
1959.8200000000002
1969.2800000000002
1978.7400000000002
1988.2
1997.66
2007.1200000000001
2016.5800000000002
2026.0400000000002
2035.5000000000002
2044.96
2054.42
2063.88
2073.34
2082.8
2092.26
2101.7200000000003
2111.1800000000003
2120.6400000000003
2130.1000000000004
2139.5600000000004
2149.0200000000004
2158.4800000000005
2167.94
2177.4
2186.86
2196.32
2205.78
2215.2400000000002
2224.7000000000003
2234.16
2243.62
2253.08
2262.54
2272.0
2281.46
2290.92
2300.38
2309.84
2319.3
2328.76
2338.2200000000003
2347.6800000000003
2357.1400000000003
2366.6000000000004
2376.0600000000004
2385.5200000000004
2394.9800000000005
2404.4400000000005
2413.9
2423.36
2432.82
2442.28
