401.0
404.1483870967742
407.2967741935484
410.4451612903226
413.5935483870968
416.741935483871
419.89032258064515
423.0387096774194
426.18709677419355
429.3354838709677
432.48387096774195
435.6322580645161
438.7806451612903
441.9290322580645
445.0774193548387
448.2258064516129
451.3741935483871
454.52258064516127
457.6709677419355
460.81935483870967
463.9677419354839
467.1161290322581
470.26451612903224
473.4129032258064
476.56129032258065
479.7096774193548
482.85806451612905
486.0064516129032
489.1548387096774
492.3032258064516
495.4516129032258
498.6
501.7483870967742
504.89677419354837
508.0451612903226
511.19354838709677
514.341935483871
517.4903225806452
520.6387096774193
523.7870967741935
526.9354838709678
530.083870967742
533.2322580645161
536.3806451612903
539.5290322580645
542.6774193548388
545.8258064516128
548.9741935483871
552.1225806451613
555.2709677419355
558.4193548387096
561.5677419354838
564.7161290322581
567.8645161290323
571.0129032258064
574.1612903225806
577.3096774193548
580.4580645161291
583.6064516129032
586.7548387096774
589.9032258064516
593.0516129032258
596.2
599.3483870967742
602.4967741935484
605.6451612903226
608.7935483870967
611.941935483871
615.0903225806452
618.2387096774194
621.3870967741935
624.5354838709677
627.683870967742
630.8322580645162
633.9806451612903
637.1290322580645
640.2774193548387
643.425806451613
646.574193548387
649.7225806451613
652.8709677419355
656.0193548387097
659.167741935484
662.316129032258
665.4645161290323
668.6129032258065
671.7612903225806
674.9096774193549
678.058064516129
681.2064516129033
684.3548387096774
687.5032258064516
690.6516129032258
693.8
696.9483870967742
700.0967741935484
703.2451612903226
706.3935483870968
709.5419354838709
712.6903225806452
715.8387096774193
718.9870967741936
722.1354838709677
725.2838709677419
728.4322580645162
731.5806451612902
734.7290322580645
737.8774193548387
741.0258064516129
744.1741935483872
747.3225806451612
750.4709677419355
753.6193548387097
756.7677419354839
759.9161290322581
763.0645161290322
766.2129032258065
769.3612903225807
772.5096774193548
775.6580645161291
778.8064516129032
781.9548387096775
785.1032258064516
788.2516129032258
791.4
794.5483870967741
797.6967741935484
800.8451612903226
803.9935483870968
807.141935483871
810.2903225806451
813.4387096774194
816.5870967741935
819.7354838709678
822.8838709677419
826.0322580645161
829.1806451612904
832.3290322580644
835.4774193548387
838.6258064516129
841.7741935483871
844.9225806451614
848.0709677419354
851.2193548387097
854.3677419354839
857.516129032258
860.6645161290323
863.8129032258064
866.9612903225807
870.1096774193549
873.258064516129
876.4064516129033
879.5548387096774
882.7032258064517
885.8516129032258
889.0
